world: 38c34cfb-c410-449b-b09a-ee40168751ba
world-name: world
x: -1506.742819364381
y: 99.0
z: -208.52146422941155
yaw: 145.26353454589844
pitch: 29.55000114440918
name: ola
lastowner: eea0487e-7a95-4b81-bcf5-6a6df3901aff
